{"schema_version": "params-v2-modular", "dataset_id": "params_K1_homogeneous", "description": "Clustered parameter dataset c_i=(theta_i,Gamma_i). No function family is fixed here.", "source_description": "prototypes selected from Set1.mat", "n_functions": 10, "dimension": 5, "n_clusters": 1, "scenario": "homogeneous", "contraction_factor": 1.0, "prototype_indices": [9], "labels": [0, 0, 0, 0, 0, 0, 0, 0, 0, 0], "cluster_sizes": [10], "theta_list": [[-0.5889520789473113, 0.1890662056221118, -0.08738020343990897, 0.2044708692679318, -0.19354058244695743], [-0.45472622798078116, 0.30425447298603386, -0.18382119326847618, 0.32993960341244044, -0.24359466421190673], [-0.5208423603787924, 0.13153552202245744, 0.099551380520526, 0.2643174196416322, -0.27975517030565655], [-0.6448508646748714, 0.14661825778125195, -0.17947880979725173, 0.2734484098458257, -0.22343720847297938], [-0.4537193537479701, 0.2114120653298739, -0.049835191018070886, 0.22368051804648117, -0.06554460378603194], [-0.464026783275328, 0.3279594275281427, -0.04554257282037549, 0.41438767055237047, -0.0051357214507134485], [-0.3817081427997483, 0.11578033744306161, -0.29818887567227026, 0.3027751819313663, -0.02313281783066315], [-0.5220217136036488, 0.07579415154670255, -0.20259717392592957, 0.27204890212327903, -0.1874838981566491], [-0.6133370645498205, 0.050046151920291576, 0.0018937004303553884, 0.2632756666537634, -0.1415306398541968], [-0.5200428429240829, 0.24279188288939973, -0.13272803093384353, 0.4668230215675102, -0.326055614049936]], "gamma_list": [[[1.9301556946580323, 0.05341536083243505, 0.33381286666770016, 0.863271731051326, -0.4832449111520106], [0.05341536083243505, 2.1039930492821095, -0.5042047246152483, -0.18848516953669622, -0.1714671498683215], [0.33381286666770016, -0.5042047246152483, 2.222026441685394, -0.49015742163092896, 0.40045140306862576], [0.863271731051326, -0.18848516953669622, -0.49015742163092896, 3.6152211966971124, 0.0741983104796189], [-0.4832449111520106, -0.1714671498683215, 0.40045140306862576, 0.0741983104796189, 2.9265989693086145]], [[2.015337455181906, 0.0017200557498316393, 0.3081493291340415, 0.9482198458675277, -0.5445710414305514], [0.0017200557498316393, 2.160097389691973, -0.6029356953433339, -0.05890838897786433, -0.022735503837439327], [0.3081493291340415, -0.6029356953433339, 2.1954960367222505, -0.44798257612461095, 0.3470491817859218], [0.9482198458675277, -0.05890838897786433, -0.44798257612461095, 3.7034181217553264, -0.004208192283775166], [-0.5445710414305514, -0.022735503837439327, 0.3470491817859218, -0.004208192283775166, 2.7255683751340825]], [[2.142307303816846, 0.07731323935370593, 0.30979676185957955, 0.9851716283339104, -0.4177922258583164], [0.07731323935370593, 2.2973530717121715, -0.6014123591892636, 0.001673874902439275, 0.13201105147919975], [0.30979676185957955, -0.6014123591892636, 2.220014950196373, -0.46718797266357937, 0.5551244976774238], [0.9851716283339104, 0.001673874902439275, -0.46718797266357937, 3.7361046918578618, 0.04665639249064564], [-0.4177922258583164, 0.13201105147919975, 0.5551244976774238, 0.04665639249064564, 2.857055156836689]], [[2.1894778423295262, 0.05041078496300874, 0.34367970223635824, 0.9853301488652262, -0.44386223357358595], [0.05041078496300874, 2.107331784171382, -0.5574436436309087, 0.014470631654184662, -0.12794213163136545], [0.34367970223635824, -0.5574436436309087, 2.2648545467040164, -0.3753676042605032, 0.3814515602899833], [0.9853301488652262, 0.014470631654184662, -0.3753676042605032, 3.583286451199184, 0.05618430724456006], [-0.44386223357358595, -0.12794213163136545, 0.3814515602899833, 0.05618430724456006, 2.8447492508841257]], [[1.9734530413950557, 0.014844248685128937, 0.27947132826628596, 1.0099941573803846, -0.3833917392820606], [0.014844248685128937, 2.262695131339154, -0.5919238494832039, -0.08855006732416336, -0.06044608870299639], [0.27947132826628596, -0.5919238494832039, 1.9640754211264744, -0.4908600290324677, 0.2433470546920843], [1.0099941573803846, -0.08855006732416336, -0.4908600290324677, 3.6947180749439132, 0.061878452080559365], [-0.3833917392820606, -0.06044608870299639, 0.2433470546920843, 0.061878452080559365, 2.9930414743738902]], [[2.282005456654736, 0.04856298375147783, 0.32619914809799283, 1.0460255161617167, -0.4487441242101427], [0.04856298375147783, 2.0981990590515753, -0.48128832403831695, -0.08328300065853728, -0.1342510147277577], [0.32619914809799283, -0.48128832403831695, 2.1982838463667704, -0.4656615153741789, 0.34219406636433786], [1.0460255161617167, -0.08328300065853728, -0.4656615153741789, 3.7222548096736117, 0.0268549218142839], [-0.4487441242101427, -0.1342510147277577, 0.34219406636433786, 0.0268549218142839, 2.643332048387628]], [[1.9299655570302194, 0.038016274490938175, 0.2305856213865908, 0.9413521819015848, -0.4913924691729271], [0.038016274490938175, 2.0495514313691654, -0.579419436707178, -0.07976496984680212, -0.03473712569607008], [0.2305856213865908, -0.579419436707178, 2.107363058351926, -0.49660208167981734, 0.30486530221294933], [0.9413521819015848, -0.07976496984680212, -0.49660208167981734, 3.7156540087759593, 0.08608886559885698], [-0.4913924691729271, -0.03473712569607008, 0.30486530221294933, 0.08608886559885698, 2.7624368743911885]], [[2.0810851067824805, 0.15152139951609572, 0.2676110256589484, 0.9680347252817602, -0.43850864738035655], [0.15152139951609572, 2.345275119815524, -0.47474548230940156, 0.03890444222173041, -0.047262476348091345], [0.2676110256589484, -0.47474548230940156, 1.9583746361141838, -0.4424348928624753, 0.41809545464832515], [0.9680347252817602, 0.03890444222173041, -0.4424348928624753, 3.491705940183344, 0.016324226834212783], [-0.43850864738035655, -0.047262476348091345, 0.41809545464832515, 0.016324226834212783, 2.647015781584953]], [[1.9133220569452887, 0.19407553855848092, 0.30419127587812933, 1.0212895410521932, -0.3144461816362549], [0.19407553855848092, 2.172230093255321, -0.47250554680957946, -0.006266413512785181, -0.16338600789056273], [0.30419127587812933, -0.47250554680957946, 2.172312937775787, -0.4751313342660756, 0.29985146444897504], [1.0212895410521932, -0.006266413512785181, -0.4751313342660756, 3.5813019243190443, -0.023214019735021928], [-0.3144461816362549, -0.16338600789056273, 0.29985146444897504, -0.023214019735021928, 2.7126931274935937]], [[1.8893786372104016, 0.02866570089609914, 0.3124044714022186, 0.9260620990477427, -0.4091680587384476], [0.02866570089609914, 2.283837572590997, -0.5385009436100526, -0.13440967549808386, -0.007506011467543372], [0.3124044714022186, -0.5385009436100526, 2.00359770745904, -0.33190204949670277, 0.38427547159482695], [0.9260620990477427, -0.13440967549808386, -0.33190204949670277, 3.7493263863197854, -0.04064753781874915], [-0.4091680587384476, -0.007506011467543372, 0.38427547159482695, -0.04064753781874915, 2.7892655343606245]]], "theta_prototypes": [[-0.5300039271601158, 0.21019111215563463, -0.0835864327712581, 0.2521823196549161, -0.17904570550028048]], "gamma_prototypes": [[[1.9599124907909362, 0.07108392281179567, 0.2902007021981005, 0.9681582958843776, -0.4397970787109714], [0.07108392281179567, 2.1321902927499514, -0.5479420369541266, -0.038157185506918795, -0.04509185110944127], [0.2902007021981005, -0.5479420369541266, 2.1129061802008717, -0.4655636052429774, 0.33046114786811714], [0.9681582958843776, -0.038157185506918795, -0.4655636052429774, 3.607023487834538, 0.011968692544154447], [-0.4397970787109714, -0.04509185110944127, 0.33046114786811714, 0.011968692544154447, 2.758285227294259]]], "radius_upper": 0.25, "radius_lower": 0.0375, "sampling_attempts": [1, 1, 1, 1, 1, 1, 1, 1, 1, 1], "spd_shifts": [0.01911049216415627, 0.0, 0.13441332369962422, 0.0, 0.05298764617933959, 0.0, 0.12311146592523702, 0.026032768320366044, 0.026782361393489988, 0.0], "distance_definition": {"representation": "c_i=(theta_i,Gamma_i)", "theta_distance": "Euclidean norm", "gamma_distance": "AIRM: ||log(Gamma_i^{-1/2} Gamma_j Gamma_i^{-1/2})||_F", "combined_distance": "w_theta*d_theta/s_theta + w_gamma*d_gamma/s_gamma", "weight_theta": 0.5, "weight_gamma": 0.5, "scales": {"s_theta": 1.6521443683658181, "s_gamma": 1.5759457678282505}, "important_note": "The same distance and scales are used for all five datasets."}, "generation_config": {"n_functions": 10, "dimension": 5, "weight_theta": 0.5, "weight_gamma": 0.5, "theta_noise": 0.1, "gamma_noise": 0.1, "eig_floor": 1.0, "jitter": 1e-10, "separation_alpha": 0.5, "radius_lower_fraction": 0.15, "one_cluster_radius": 0.25, "contraction_grid": [0.95, 0.9, 0.85, 0.8, 0.75, 0.7, 0.65, 0.6, 0.55, 0.5, 0.45, 0.4, 0.35, 0.3, 0.25, 0.2, 0.15, 0.1, 0.08, 0.06, 0.04, 0.02], "overlap_mode": "full", "seed": 20260629, "max_attempts_per_sample": 20000}, "cluster_metrics": {"cluster_radii": [0.1483169777233419], "cluster_scatter": [0.11629742921019126], "prototype_distances": {}, "pairwise_overlap_ratios": {}, "overlap_ratio": null, "full_pairwise_overlap": null, "overlap_graph_connected": null, "silhouette_score": null, "silhouette_samples": null, "davies_bouldin_index": null}, "validation": {"maximum_symmetry_error": 0.0, "minimum_gamma_eigenvalue": 1.0000000000999993, "maximum_gamma_eigenvalue": 4.335923282291193, "maximum_spd_shift": 0.13441332369962422}}
