{"schema_version": "params-v2-modular", "dataset_id": "params_K3_separated", "description": "Clustered parameter dataset c_i=(theta_i,Gamma_i). No function family is fixed here.", "source_description": "reproducible example pool generated inside the package", "n_functions": 10, "dimension": 5, "n_clusters": 3, "scenario": "separated", "contraction_factor": 1.0, "prototype_indices": [2, 8, 7], "labels": [0, 0, 0, 0, 1, 1, 1, 2, 2, 2], "cluster_sizes": [4, 3, 3], "theta_list": [[-1.0883445127340714, -2.104106460095174, -1.3713337393301808, 1.6802495108735047, 0.10064802340919851], [-1.1515371420947305, -2.4101263102167794, -1.3813467770701122, 1.546023029119566, 0.03285078423898444], [-1.0815285650832722, -2.040629850306874, -1.5492241100103554, 1.646848513218437, 0.08734945980556913], [-1.0671765181137878, -2.250022183976281, -1.325082804880846, 1.52089784463847, -0.041564267264749724], [0.9076383471671057, 1.056222628559597, 2.7609519828062337, 1.4902134251152865, 2.0221034766539487], [0.8327735733122353, 1.097330101362421, 2.6711678273317228, 1.450972172582233, 1.8146915441061375], [0.8066604572080553, 0.8250267820476395, 2.61343481248866, 1.4719728865399124, 1.8895248045595587], [1.4455163695528639, -0.7991913126554511, -0.4295404752457792, -1.7286496551410466, 0.8303719694711051], [1.322518209893221, -0.5711064289847041, -0.40614727858249344, -1.7382394786746167, 0.7230882476462451], [1.1844632118321985, -0.5918683442318958, -0.5322581648851161, -1.7422138005659018, 0.8073214677630957]], "gamma_list": [[[6.411236855138134, -0.9389057537998815, 0.4071319479127985, -3.049924069326096, -1.8388546726166712], [-0.9389057537998815, 6.2280624048512845, -2.4427002733325915, 1.315908997077324, 1.2441348303139865], [0.4071319479127985, -2.4427002733325915, 5.8219362284424285, -3.372383008400096, -0.7348485332520615], [-3.049924069326096, 1.315908997077324, -3.372383008400096, 5.642930694704749, 1.2819089499331964], [-1.8388546726166712, 1.2441348303139865, -0.7348485332520615, 1.2819089499331964, 2.0423178826170503]], [[6.445399707673859, -0.9077177974175346, 0.5354125150342723, -2.9839532350722973, -1.8037753380166202], [-0.9077177974175346, 6.100468668046549, -2.399419225499859, 1.1428984536531828, 1.3347935742054482], [0.5354125150342723, -2.399419225499859, 5.943828205375718, -3.3690326568614077, -0.5571449971745491], [-2.9839532350722973, 1.1428984536531828, -3.3690326568614077, 5.5781876350453015, 1.379373595033883], [-1.8037753380166202, 1.3347935742054482, -0.5571449971745491, 1.379373595033883, 1.9467173619490852]], [[6.591914875101053, -1.006428227910284, 0.44534482294140265, -3.0565647298152054, -1.8284890005331864], [-1.006428227910284, 6.123686706568206, -2.546111930320004, 1.2905185614334218, 1.2210350400631718], [0.44534482294140265, -2.546111930320004, 5.830247389777666, -3.3786570851397046, -0.6160549596565709], [-3.0565647298152054, 1.2905185614334218, -3.3786570851397046, 5.6568185964840065, 1.3344700881028189], [-1.8284890005331864, 1.2210350400631718, -0.6160549596565709, 1.3344700881028189, 2.0378425493046826]], [[6.576062896393785, -1.024555149456067, 0.3724421398568908, -3.048152458633458, -1.77800323471753], [-1.024555149456067, 6.040851260784118, -2.5072162428502254, 1.1957311256409118, 1.3054858596935728], [0.3724421398568908, -2.5072162428502254, 5.836675467499215, -3.4519375995389376, -0.6634490008636732], [-3.048152458633458, 1.1957311256409118, -3.4519375995389376, 5.490822888472432, 1.2911883611243025], [-1.77800323471753, 1.3054858596935728, -0.6634490008636732, 1.2911883611243025, 1.8847218293152523]], [[1.7125138879217796, -0.09740151618102018, 0.6965386314180845, 0.25584406234255086, 0.7295598049096275], [-0.09740151618102018, 3.2517544885545093, -0.5769094224778472, -0.8909195879883383, -0.1363133252542837], [0.6965386314180845, -0.5769094224778472, 2.925441950593115, 0.08281801631788459, -0.37511152777977735], [0.25584406234255086, -0.8909195879883383, 0.08281801631788459, 3.822404024471978, 0.9322342873812365], [0.7295598049096275, -0.1363133252542837, -0.37511152777977735, 0.9322342873812365, 4.917746786142039]], [[1.6932105262936394, -0.1931828851774136, 0.5429315032631048, 0.2349744042739805, 0.7710047266338275], [-0.1931828851774136, 3.3933078027140966, -0.574593739217593, -0.9358758043521488, -0.1523521606268799], [0.5429315032631048, -0.574593739217593, 3.169625972751813, -0.01897184387467407, -0.32599344953987247], [0.2349744042739805, -0.9358758043521488, -0.01897184387467407, 3.564467688738984, 0.9846197181612124], [0.7710047266338275, -0.1523521606268799, -0.32599344953987247, 0.9846197181612124, 5.118149968602375]], [[1.8765013749646133, -0.15181138933217078, 0.5041758492188838, 0.24389583268700757, 0.6529879332807388], [-0.15181138933217078, 3.1518731229366823, -0.6277473645008662, -0.9162639386195263, -0.032400652995765014], [0.5041758492188838, -0.6277473645008662, 3.2056507373312497, 0.12915752847066203, -0.45346430472287214], [0.24389583268700757, -0.9162639386195263, 0.12915752847066203, 3.669638966446053, 0.9276587211648984], [0.6529879332807388, -0.032400652995765014, -0.45346430472287214, 0.9276587211648984, 4.815585739086854]], [[2.6501521671146335, -0.5555467099704812, 2.3037829499631637, -0.5810020907740422, -0.07140155903898242], [-0.5555467099704812, 4.145537143903042, -2.637620653538494, 0.38654194799956343, -0.00853794847118769], [2.3037829499631637, -2.637620653538494, 6.539308999334081, -1.8574917675891198, -0.49010457290102366], [-0.5810020907740422, 0.38654194799956343, -1.8574917675891198, 3.2539997953577924, -1.1462259969805109], [-0.07140155903898242, -0.00853794847118769, -0.49010457290102366, -1.1462259969805109, 3.5339173865240294]], [[2.7979465701840076, -0.5939223144614921, 2.3158779921171995, -0.5559125849448209, -0.08102837805726922], [-0.5939223144614921, 4.0500947220670485, -2.6269961844589065, 0.5607977441587456, -0.03291386626180039], [2.3158779921171995, -2.6269961844589065, 6.2911834964961555, -1.939265584269407, -0.4592865263118479], [-0.5559125849448209, 0.5607977441587456, -1.939265584269407, 3.0317745279173907, -1.1153604192162447], [-0.08102837805726922, -0.03291386626180039, -0.4592865263118479, -1.1153604192162447, 3.4993267610354204]], [[2.765455176172578, -0.4569368826041438, 2.30244073601401, -0.6009017544379947, -0.07500183312038729], [-0.4569368826041438, 4.010846877909549, -2.6270067936503887, 0.3236933973273941, -0.12029916915190808], [2.30244073601401, -2.6270067936503887, 6.392159413273187, -1.8993059064204607, -0.3822120077551284], [-0.6009017544379947, 0.3236933973273941, -1.8993059064204607, 3.1991505322086278, -1.0968163763989112], [-0.07500183312038729, -0.12029916915190808, -0.3822120077551284, -1.0968163763989112, 3.558604961253023]]], "theta_prototypes": [[-1.0585633123937683, -2.2802883300385806, -1.4212400822769995, 1.5537469816383365, 0.05530717013331615], [0.8607853843136594, 1.0464484179745068, 2.6024395298128815, 1.550044889008314, 2.0507616763036], [1.2931091267823274, -0.6867336366154809, -0.5634889168976175, -1.8905947640905771, 0.858015085582854]], "gamma_prototypes": [[[6.512252721448785, -0.9769697101295521, 0.41394278227549036, -3.0404120929765566, -1.752023083983028], [-0.9769697101295521, 6.171053126238251, -2.501154562363707, 1.2658853842411897, 1.3210229212802072], [0.41394278227549036, -2.501154562363707, 5.8907564905326835, -3.4288566556470164, -0.5718945997783541], [-3.0404120929765566, 1.2658853842411897, -3.4288566556470164, 5.576718424621489, 1.3337109293688993], [-1.752023083983028, 1.3210229212802072, -0.5718945997783541, 1.3337109293688993, 1.9230649440477197]], [[1.7716454321458937, -0.1410243960746637, 0.5534076394186873, 0.2517856005944046, 0.6853597117421835], [-0.1410243960746637, 3.2699197211309894, -0.5410320356154887, -0.9104185859843548, -0.10829218440544132], [0.5534076394186873, -0.5410320356154887, 3.043660402642049, 0.07119560998584074, -0.4004054102825402], [0.2517856005944046, -0.9104185859843548, 0.07119560998584074, 3.8026010878886445, 0.9664284758761772], [0.6853597117421835, -0.10829218440544132, -0.4004054102825402, 0.9664284758761772, 4.882802999730173]], [[2.755227734635831, -0.5326801614218284, 2.334910433146775, -0.5308019909303, -0.08831026639741092], [-0.5326801614218284, 4.0689769757448495, -2.6648587629717557, 0.43842099363782644, -0.0872387492691247], [2.334910433146775, -2.6648587629717557, 6.404600910546667, -1.869125394413836, -0.38588062651985366], [-0.5308019909303, 0.43842099363782644, -1.869125394413836, 3.075976712102344, -1.0632387558291387], [-0.08831026639741092, -0.0872387492691247, -0.38588062651985366, -1.0632387558291387, 3.545547132227101]]], "radius_upper": 0.3239908909238045, "radius_lower": 0.04859863363857068, "sampling_attempts": [1, 1, 1, 1, 1, 1, 1, 1, 1, 1], "spd_shifts": [0.0, 0.028942157205474654, 0.0, 0.0, 0.0, 0.0, 0.0, 0.0, 0.01081107176498918, 0.03420590978897874], "distance_definition": {"representation": "c_i=(theta_i,Gamma_i)", "theta_distance": "Euclidean norm", "gamma_distance": "AIRM: ||log(Gamma_i^{-1/2} Gamma_j Gamma_i^{-1/2})||_F", "combined_distance": "w_theta*d_theta/s_theta + w_gamma*d_gamma/s_gamma", "weight_theta": 0.5, "weight_gamma": 0.5, "scales": {"s_theta": 2.708126613632756, "s_gamma": 2.3986236309604396}, "important_note": "The same distance and scales are used for all five datasets."}, "generation_config": {"n_functions": 10, "dimension": 5, "weight_theta": 0.5, "weight_gamma": 0.5, "theta_noise": 0.1, "gamma_noise": 0.1, "eig_floor": 1.0, "jitter": 1e-10, "separation_alpha": 0.5, "radius_lower_fraction": 0.15, "one_cluster_radius": 0.25, "contraction_grid": [0.95, 0.9, 0.85, 0.8, 0.75, 0.7, 0.65, 0.6, 0.55, 0.5, 0.45, 0.4, 0.35, 0.3, 0.25, 0.2, 0.15, 0.1, 0.08, 0.06, 0.04, 0.02], "overlap_mode": "full", "seed": 20260629, "max_attempts_per_sample": 20000}, "cluster_metrics": {"cluster_radii": [0.09812751270900957, 0.081743056612318, 0.08087543743632616], "cluster_scatter": [0.0746374110545022, 0.07681483516697574, 0.07406601967127112], "prototype_distances": {"0-1": 1.6553522912810315, "0-2": 1.3749314618154254, "1-2": 1.295963563695218}, "pairwise_overlap_ratios": {"0-1": 0.10865999356676559, "0-2": 0.13019045320919828, "1-2": 0.12548076088263266}, "overlap_ratio": 0.13019045320919828, "full_pairwise_overlap": false, "overlap_graph_connected": false, "silhouette_score": 0.9231822022321386, "silhouette_samples": [0.9241171928293543, 0.9163975229929526, 0.9250240111067071, 0.9255392643163426, 0.9169930961466929, 0.9246823336033839, 0.9132615322532326, 0.9245549347025028, 0.9319994268117187, 0.9292527075584984], "davies_bouldin_index": 0.1136669041214808}, "validation": {"maximum_symmetry_error": 0.0, "minimum_gamma_eigenvalue": 1.0000000000999987, "maximum_gamma_eigenvalue": 12.603957033918881, "maximum_spd_shift": 0.03420590978897874}}
