{"schema_version": "params-v2-modular", "dataset_id": "params_K2_overlapping", "description": "Clustered parameter dataset c_i=(theta_i,Gamma_i). No function family is fixed here.", "source_description": "prototypes selected from Set1.mat", "n_functions": 10, "dimension": 5, "n_clusters": 2, "scenario": "overlapping", "contraction_factor": 0.2, "prototype_indices": [2, 7], "labels": [0, 0, 0, 0, 0, 1, 1, 1, 1, 1], "cluster_sizes": [5, 5], "theta_list": [[-0.2638643320051666, -0.1252559246868874, 0.5057196006270259, -0.059383644083203006, -0.008614111022012039], [-0.3869164678765049, -0.020149678210390973, 0.3615710890908567, 0.16179397582872573, 0.11745320646526775], [-0.44325681497299085, -0.10015239459470202, 0.416267799599482, -0.05778531838212881, 0.0978719593038383], [-0.3554736356461661, -0.2924752636628042, 0.33630048941101803, -0.05445073621147437, 0.13199619936937418], [-0.28735437317290646, -0.15975561600040478, 0.4963829572775317, -0.055456324485766935, 0.1556171298371169], [-0.3030752866066818, -0.027133469851623328, 0.060748480053170247, 0.14137534223034445, -0.13151693444252563], [-0.3827282805950358, -0.1659137194713718, 0.14849340705665792, 0.05374365231867051, -0.2755687245870776], [-0.38674286179529965, -0.15503050576345928, 0.015866130832057415, 0.3089933691665744, -0.36964108168784193], [-0.27562967419613854, -0.2772432073856633, 0.04814371336091994, 0.26301394853367366, -0.28172142971340497], [-0.4223567565837656, -0.11831111077862745, 0.19787173821059773, -0.005806475181287102, -0.19386726879458008]], "gamma_list": [[[2.2292025802905155, -0.16658484057812, 0.011608381729598355, 0.1308659481699677, -0.0841061761394456], [-0.16658484057812, 2.5744685899298783, 0.2971886182967586, 0.11470418251349224, 0.3343646094267355], [0.011608381729598355, 0.2971886182967586, 2.896145704286253, 0.08317214851704181, -0.15934903401809278], [0.1308659481699677, 0.11470418251349224, 0.08317214851704181, 1.8707660174872258, 0.6190961358135854], [-0.0841061761394456, 0.3343646094267355, -0.15934903401809278, 0.6190961358135854, 2.4229851291771602]], [[2.158026133653572, -0.22073444239227424, -0.025527944397797014, 0.30142780176044703, -0.15263728257928358], [-0.22073444239227424, 2.8700050460385835, 0.393666403171995, 0.22395193847239997, 0.28513181001026233], [-0.025527944397797014, 0.393666403171995, 3.01714109069925, -0.11499641021737711, -0.09259463085388109], [0.30142780176044703, 0.22395193847239997, -0.11499641021737711, 1.743432209859739, 0.5186917971006678], [-0.15263728257928358, 0.28513181001026233, -0.09259463085388109, 0.5186917971006678, 2.4822236622668763]], [[2.2654775929942867, -0.21269407972970927, -0.01367141269415191, 0.1968419057506946, -0.20371350724126985], [-0.21269407972970927, 2.6726609740859337, 0.2968772313269104, -0.06143027710080651, 0.2951469726261129], [-0.01367141269415191, 0.2968772313269104, 3.1176170899527698, 0.03505207994913162, -0.20097740147278256], [0.1968419057506946, -0.06143027710080651, 0.03505207994913162, 1.7932851237269127, 0.48298060755749017], [-0.20371350724126985, 0.2951469726261129, -0.20097740147278256, 0.48298060755749017, 2.479729633995411]], [[2.177179571757703, -0.23182537323483438, 0.1113665738871494, 0.08370859613103501, -0.0758616020238961], [-0.23182537323483438, 2.69999567049678, 0.3333357718476148, 0.14956292299971624, 0.2600871193995072], [0.1113665738871494, 0.3333357718476148, 2.956244710024272, 0.08545534250227489, -0.16820086494779596], [0.08370859613103501, 0.14956292299971624, 0.08545534250227489, 2.0750958033277938, 0.4439998303427671], [-0.0758616020238961, 0.2600871193995072, -0.16820086494779596, 0.4439998303427671, 2.4792591191190545]], [[2.073699620274653, -0.22504961789970931, -0.06452577421042667, 0.28387497295496, -0.10319654317464977], [-0.22504961789970931, 2.586546522363281, 0.29272929034730677, -0.030231669706553804, 0.2583050402122258], [-0.06452577421042667, 0.29272929034730677, 3.1006546747452264, -0.048119722711554416, -0.11839108496785791], [0.28387497295496, -0.030231669706553804, -0.048119722711554416, 1.795173856055326, 0.4674936035278246], [-0.10319654317464977, 0.2583050402122258, -0.11839108496785791, 0.4674936035278246, 2.3856526467976416]], [[2.121490842361127, -0.184287048155446, 0.24917942917520583, 0.04996595338064669, 0.035085806411754274], [-0.184287048155446, 2.037458110709773, 0.21289133975425395, 0.016263654533417476, 0.004256752259031913], [0.24917942917520583, 0.21289133975425395, 2.94476419932221, -0.3039710414256203, -0.24617884581794205], [0.04996595338064669, 0.016263654533417476, -0.3039710414256203, 1.8126644492453765, 0.43921240489146224], [0.035085806411754274, 0.004256752259031913, -0.24617884581794205, 0.43921240489146224, 2.4525455951032944]], [[2.3188483860842863, -0.31834647031170665, 0.15707145711147136, 0.09148350919989365, 0.1802137919972049], [-0.31834647031170665, 2.1339899305478784, 0.15338676916102778, 0.0023984512413168756, 0.0017596222549075141], [0.15707145711147136, 0.15338676916102778, 3.01452798352714, -0.2558446593449088, -0.12069092626888342], [0.09148350919989365, 0.0023984512413168756, -0.2558446593449088, 1.788701961815195, 0.58274626973443], [0.1802137919972049, 0.0017596222549075141, -0.12069092626888342, 0.58274626973443, 2.336631937601362]], [[2.189970557845745, -0.14075616225977267, 0.12849914994620312, -0.06447105167756109, -0.03464575195360897], [-0.14075616225977267, 2.27483335328919, 0.16551794221143096, -0.07285200313567511, -0.006640869567414803], [0.12849914994620312, 0.16551794221143096, 3.0052064349437675, -0.29540854393908006, -0.23664228475123658], [-0.06447105167756109, -0.07285200313567511, -0.29540854393908006, 1.773297916602992, 0.5618162111601106], [-0.03464575195360897, -0.006640869567414803, -0.23664228475123658, 0.5618162111601106, 2.2326254427155945]], [[2.060902750637265, -0.17331157595559954, 0.08915706494886186, 0.09819263666019282, 0.03844252067381291], [-0.17331157595559954, 2.3520002773856565, 0.21714325497245662, 0.07497927397255993, -0.0006985435867239605], [0.08915706494886186, 0.21714325497245662, 3.0364357209804353, -0.3937931625905472, -0.23642454859533374], [0.09819263666019282, 0.07497927397255993, -0.3937931625905472, 1.940309234912689, 0.544895252543696], [0.03844252067381291, -0.0006985435867239605, -0.23642454859533374, 0.544895252543696, 2.248209905646515]], [[2.1582969037065793, -0.26700559364062254, 0.1369806193994326, -0.03928713065389122, 0.07245919854152966], [-0.26700559364062254, 2.1692030450515145, 0.1721264855065492, 0.006583903884411449, -0.07155685131553115], [0.1369806193994326, 0.1721264855065492, 2.9900869864667747, -0.3861306991370764, -0.12921188091372965], [-0.03928713065389122, 0.006583903884411449, -0.3861306991370764, 1.6799029274127004, 0.5749863647925704], [0.07245919854152966, -0.07155685131553115, -0.12921188091372965, 0.5749863647925704, 2.4049131101531365]]], "theta_prototypes": [[-0.32112328850488936, -0.0910381884147513, 0.4405149605807404, -0.051470938372284086, 0.08222509092690516], [-0.355016327471644, -0.06960728059873794, 0.12308971710448552, 0.12511559440655298, -0.19265362451290863]], "gamma_prototypes": [[[2.1852298777917056, -0.2659735806714601, -0.03915724959413841, 0.16493064837762955, -0.1009458472097359], [-0.2659735806714601, 2.636584799561332, 0.31469537070058495, 0.10232248796112306, 0.26489438297620843], [-0.03915724959413841, 0.31469537070058495, 3.040687321297052, 0.02009116848158579, -0.11578661706698848], [0.16493064837762955, 0.10232248796112306, 0.02009116848158579, 1.805500124107801, 0.5384839523634813], [-0.1009458472097359, 0.26489438297620843, -0.11578661706698848, 0.5384839523634813, 2.454754801477832]], [[2.149178471253599, -0.25915202703058154, 0.1474242037079177, 0.02979813495913851, 0.06981605347277356], [-0.25915202703058154, 2.2300505028367468, 0.19682012382806136, 0.03295683301298704, -0.020322778713919687], [0.1474242037079177, 0.19682012382806136, 3.0994344246550805, -0.2947628325297379, -0.19491187891022807], [0.02979813495913851, 0.03295683301298704, -0.2947628325297379, 1.763849705230429, 0.5482450132814195], [0.06981605347277356, -0.020322778713919687, -0.19491187891022807, 0.5482450132814195, 2.376447222080217]]], "radius_upper": null, "radius_lower": 0.0, "sampling_attempts": [1, 1, 1, 1, 1, 1, 1, 1, 1, 1], "spd_shifts": [0.0, 0.0, 0.0, 0.0, 0.0, 0.0, 0.0, 0.0, 0.0, 0.0], "distance_definition": {"representation": "c_i=(theta_i,Gamma_i)", "theta_distance": "Euclidean norm", "gamma_distance": "AIRM: ||log(Gamma_i^{-1/2} Gamma_j Gamma_i^{-1/2})||_F", "combined_distance": "w_theta*d_theta/s_theta + w_gamma*d_gamma/s_gamma", "weight_theta": 0.5, "weight_gamma": 0.5, "scales": {"s_theta": 1.6521443683658181, "s_gamma": 1.5759457678282505}, "important_note": "The same distance and scales are used for all five datasets."}, "generation_config": {"n_functions": 10, "dimension": 5, "weight_theta": 0.5, "weight_gamma": 0.5, "theta_noise": 0.1, "gamma_noise": 0.1, "eig_floor": 1.0, "jitter": 1e-10, "separation_alpha": 0.5, "radius_lower_fraction": 0.15, "one_cluster_radius": 0.25, "contraction_grid": [0.95, 0.9, 0.85, 0.8, 0.75, 0.7, 0.65, 0.6, 0.55, 0.5, 0.45, 0.4, 0.35, 0.3, 0.25, 0.2, 0.15, 0.1, 0.08, 0.06, 0.04, 0.02], "overlap_mode": "full", "seed": 20260629, "max_attempts_per_sample": 20000}, "cluster_metrics": {"cluster_radii": [0.14275694436970715, 0.14326064982145298], "cluster_scatter": [0.1083136049131543, 0.11168527212011496], "prototype_distances": {"0-1": 0.2516545794180583}, "pairwise_overlap_ratios": {"0-1": 1.1365483388085567}, "overlap_ratio": 1.1365483388085567, "full_pairwise_overlap": true, "overlap_graph_connected": true, "silhouette_score": 0.4849179718101223, "silhouette_samples": [0.49284674084928154, 0.3900630380657669, 0.5511825636857243, 0.4279039589128573, 0.5665638346953441, 0.4463739465300841, 0.5156047163572895, 0.5290469256542022, 0.4861411931685471, 0.4434528001821256], "davies_bouldin_index": 0.8742097105564633}, "validation": {"maximum_symmetry_error": 0.0, "minimum_gamma_eigenvalue": 1.3096136924227901, "maximum_gamma_eigenvalue": 3.4010717883071773, "maximum_spd_shift": 0.0}}
