{"schema_version": "params-v2-modular", "dataset_id": "params_K3_overlapping", "description": "Clustered parameter dataset c_i=(theta_i,Gamma_i). No function family is fixed here.", "source_description": "reproducible example pool generated inside the package", "n_functions": 10, "dimension": 5, "n_clusters": 3, "scenario": "overlapping", "contraction_factor": 0.08, "prototype_indices": [2, 8, 7], "labels": [0, 0, 0, 0, 1, 1, 1, 2, 2, 2], "cluster_sizes": [4, 3, 3], "theta_list": [[0.3148436592742171, -0.7509162647770347, 0.030881134342082527, 0.6049171102233729, 0.9127604407779227], [0.4031301469657549, -0.7960632353249479, 0.03319546990260406, 0.4336143469451166, 0.9052499395752568], [0.23645472155061087, -0.7369565711586219, -0.1411723547269017, 0.5325123073097034, 0.9261767694772305], [0.23525827687892653, -0.5923692135848406, 0.0013472070835354316, 0.5332682712615374, 0.7467874118131748], [0.22212410355911902, -0.6486106733171105, 0.30894720654141283, 0.5624681166201686, 1.259294394203513], [0.538566736328866, -0.6727165304709135, 0.38290169850086314, 0.5277127012769465, 1.1349581550907826], [0.37376392854573837, -0.47935223532608434, 0.3600415263112928, 0.5711309368899943, 1.0505714065871095], [0.5012041142951547, -0.8648814478738062, 0.1254013884740846, 0.03353049783555678, 1.1323677660464806], [0.6537273952834162, -0.7591366187751528, 0.13295345790611415, 0.2583288863614521, 1.18263440581354], [0.4812242821609043, -0.5373320907649327, 0.25730061670609106, 0.28644026001194245, 1.1305762119768048]], "gamma_list": [[[3.8646848820720496, -0.6461781041467943, 1.0389540395361996, -1.2351232608580889, -0.5628912421382375], [-0.6461781041467943, 4.616644996814726, -1.9014338681595462, 0.41824985472694387, 0.45302401771739387], [1.0389540395361996, -1.9014338681595462, 5.058969256236755, -1.8452267776324784, -0.4800733220968406], [-1.2351232608580889, 0.41824985472694387, -1.8452267776324784, 4.160761093548334, 0.5385925493942069], [-0.5628912421382375, 0.45302401771739387, -0.4800733220968406, 0.5385925493942069, 3.283953353703075]], [[3.9352481045975476, -0.5278580257997425, 1.0213183045064655, -1.2300278283169226, -0.5415076236695975], [-0.5278580257997425, 4.566052596472168, -1.941188120108539, 0.18358460019210898, 0.42513872428135735], [1.0213183045064655, -1.941188120108539, 5.122557740375162, -1.9166096754532123, -0.4206243220401503], [-1.2300278283169226, 0.18358460019210898, -1.9166096754532123, 4.249935238156225, 0.4835029657504433], [-0.5415076236695975, 0.42513872428135735, -0.4206243220401503, 0.4835029657504433, 3.4396283194454913]], [[4.048923322637683, -0.6170781543386032, 1.0582394767696905, -1.2942846182052898, -0.3791864365348913], [-0.6170781543386032, 4.794119648887938, -1.9753744506633226, 0.3908971423618611, 0.43432481704896425], [1.0582394767696905, -1.9753744506633226, 5.232287502668011, -1.8681889728202934, -0.4285750507373624], [-1.2942846182052898, 0.3908971423618611, -1.8681889728202934, 4.173927435081875, 0.45208840966138947], [-0.3791864365348913, 0.43432481704896425, -0.4285750507373624, 0.45208840966138947, 3.264868494515337]], [[3.752627531900658, -0.5846075056904867, 1.0767167316741244, -1.3489451089502065, -0.4278246129369173], [-0.5846075056904867, 4.632000981134265, -1.9485533841275549, 0.33269136921539794, 0.3040634938209804], [1.0767167316741244, -1.9485533841275549, 5.135724842790729, -1.925333809244725, -0.45226178693832403], [-1.3489451089502065, 0.33269136921539794, -1.925333809244725, 4.186402142400252, 0.31105375048634354], [-0.4278246129369173, 0.3040634938209804, -0.45226178693832403, 0.31105375048634354, 3.330758455572518]], [[3.530095662959286, -0.5468079597961666, 1.0581927952946555, -0.9226512977681357, -0.3405678211260734], [-0.5468079597961666, 4.260006876093877, -1.9062646603399638, 0.1539530011701013, 0.25253361130189533], [1.0581927952946555, -1.9062646603399638, 4.908485324936679, -1.5699905220070411, -0.5731471155498917], [-0.9226512977681357, 0.1539530011701013, -1.5699905220070411, 4.101743895864213, 0.4354030022557743], [-0.3405678211260734, 0.25253361130189533, -0.5731471155498917, 0.4354030022557743, 3.6453781755842334]], [[3.4537646230936576, -0.5071102253621435, 1.0213764419812084, -0.979541225158969, -0.20227391520372545], [-0.5071102253621435, 4.354696618401641, -1.83294250012533, 0.19360603646306293, 0.24221795906231586], [1.0213764419812084, -1.83294250012533, 4.922998725274221, -1.5496011253566722, -0.42742442381093093], [-0.979541225158969, 0.19360603646306293, -1.5496011253566722, 4.1627479071301465, 0.49557401105356796], [-0.20227391520372545, 0.24221795906231586, -0.42742442381093093, 0.49557401105356796, 3.574727440596546]], [[3.4608952784564204, -0.6010453267606617, 1.0300095172403576, -1.018490603249, -0.3076359491543468], [-0.6010453267606617, 4.39344113911343, -1.8332006096266669, 0.1536503607535263, 0.26242492460823474], [1.0300095172403576, -1.8332006096266669, 4.8648197012682965, -1.618325208653259, -0.34397885863058353], [-1.018490603249, 0.1536503607535263, -1.618325208653259, 4.080558161905349, 0.49650268993705304], [-0.3076359491543468, 0.26242492460823474, -0.34397885863058353, 0.49650268993705304, 3.6457402735619477]], [[3.4375724819501374, -0.5638048013475498, 1.1173474457360033, -1.009473964009095, -0.45990731674332397], [-0.5638048013475498, 4.552740384780251, -2.104778486385827, 0.14582666649526463, 0.3320226666258038], [1.1173474457360033, -2.104778486385827, 5.105784847884795, -1.7459241160633152, -0.6220082051300793], [-1.009473964009095, 0.14582666649526463, -1.7459241160633152, 4.174280080462687, 0.16606982957486222], [-0.45990731674332397, 0.3320226666258038, -0.6220082051300793, 0.16606982957486222, 3.408203471104247]], [[3.3734479837924622, -0.48349944038299597, 1.0930583086212944, -1.008790322141876, -0.31420085603643155], [-0.48349944038299597, 4.460011382721748, -1.9666915572622716, 0.2285671412433375, 0.2623486315099802], [1.0930583086212944, -1.9666915572622716, 5.220422061454316, -1.7937455678949388, -0.21449359774596535], [-1.008790322141876, 0.2285671412433375, -1.7937455678949388, 4.227913743542827, 0.37049510742083686], [-0.31420085603643155, 0.2623486315099802, -0.21449359774596535, 0.37049510742083686, 3.3378281498633977]], [[3.5017754169324378, -0.4663275932673422, 1.365975701132337, -1.0025898116081071, -0.49003562553483226], [-0.4663275932673422, 4.522051291048138, -1.9806851313659177, 0.25868782140377594, 0.37909975770289595], [1.365975701132337, -1.9806851313659177, 5.227329133666177, -1.7135812624111781, -0.4921523195959846], [-1.0025898116081071, 0.25868782140377594, -1.7135812624111781, 3.986047001076338, 0.346359806759132], [-0.49003562553483226, 0.37909975770289595, -0.4921523195959846, 0.346359806759132, 3.469384939110543]]], "theta_prototypes": [[0.2512165026105122, -0.7713989546648166, 0.0757320228135745, 0.49634687120826276, 0.9134103127633948], [0.4047643983471064, -0.5052600148237696, 0.397626391780765, 0.496050703797861, 1.0730466732570176], [0.4393502977445999, -0.6439145791909686, 0.14435211604392506, 0.22079953154994963, 0.9776269459993578]], "gamma_prototypes": [[[3.906312156773259, -0.5843643522156844, 1.0458087513999315, -1.261191035653943, -0.49435376256770724], [-0.5843643522156844, 4.636735529187381, -1.9502529423473884, 0.3447297535869913, 0.45083270990147983], [1.0458087513999315, -1.9502529423473884, 5.17522597905051, -1.8771897074080983, -0.46226029653369777], [-1.261191035653943, 0.3447297535869913, -1.8771897074080983, 4.265761649517545, 0.4860130735037328], [-0.49435376256770724, 0.45083270990147983, -0.46226029653369777, 0.4860130735037328, 3.328279152165349]], [[3.527063573629028, -0.5174887270912932, 1.0569659399713873, -0.9978152201682661, -0.2993631389096903], [-0.5174887270912932, 4.404644856778799, -1.793443140207531, 0.17062543596894778, 0.336487501446628], [1.0569659399713873, -1.793443140207531, 4.94745829201926, -1.5971855261574697, -0.44854116137403266], [-0.9978152201682661, 0.17062543596894778, -1.5971855261574697, 4.123832262578918, 0.45663047722431505], [-0.2993631389096903, 0.336487501446628, -0.44854116137403266, 0.45663047722431505, 3.5650581966199453]], [[3.605750157828223, -0.5488211883190665, 1.1994861634696343, -1.0604222274902424, -0.3612567371608578], [-0.5488211883190665, 4.4685694371479086, -1.9633492783960322, 0.2785326023387223, 0.3381717762575333], [1.1994861634696343, -1.9633492783960322, 5.216333532651629, -1.7524112065094437, -0.44737917867301774], [-1.0604222274902424, 0.2785326023387223, -1.7524112065094437, 4.065702312516014, 0.29425709868788974], [-0.3612567371608578, 0.3381717762575333, -0.44737917867301774, 0.29425709868788974, 3.4580777272196994]]], "radius_upper": null, "radius_lower": 0.0, "sampling_attempts": [1, 1, 1, 1, 1, 1, 1, 1, 1, 1], "spd_shifts": [0.0, 0.0, 0.0, 0.0, 0.0, 0.0, 0.0, 0.0, 0.0, 0.0], "distance_definition": {"representation": "c_i=(theta_i,Gamma_i)", "theta_distance": "Euclidean norm", "gamma_distance": "AIRM: ||log(Gamma_i^{-1/2} Gamma_j Gamma_i^{-1/2})||_F", "combined_distance": "w_theta*d_theta/s_theta + w_gamma*d_gamma/s_gamma", "weight_theta": 0.5, "weight_gamma": 0.5, "scales": {"s_theta": 2.708126613632756, "s_gamma": 2.3986236309604396}, "important_note": "The same distance and scales are used for all five datasets."}, "generation_config": {"n_functions": 10, "dimension": 5, "weight_theta": 0.5, "weight_gamma": 0.5, "theta_noise": 0.1, "gamma_noise": 0.1, "eig_floor": 1.0, "jitter": 1e-10, "separation_alpha": 0.5, "radius_lower_fraction": 0.15, "one_cluster_radius": 0.25, "contraction_grid": [0.95, 0.9, 0.85, 0.8, 0.75, 0.7, 0.65, 0.6, 0.55, 0.5, 0.45, 0.4, 0.35, 0.3, 0.25, 0.2, 0.15, 0.1, 0.08, 0.06, 0.04, 0.02], "overlap_mode": "full", "seed": 20260629, "max_attempts_per_sample": 20000}, "cluster_metrics": {"cluster_radii": [0.0752332527170438, 0.08315822738849213, 0.09727091620922225], "cluster_scatter": [0.05592384264380888, 0.05846992075067076, 0.08453873242020549], "prototype_distances": {"0-1": 0.12865664066777083, "0-2": 0.10591103550543747, "1-2": 0.09968661497043274}, "pairwise_overlap_ratios": {"0-1": 1.231117797600119, "0-2": 1.628764822315515, "1-2": 1.8099635909116791}, "overlap_ratio": 1.8099635909116791, "full_pairwise_overlap": true, "overlap_graph_connected": true, "silhouette_score": 0.37578406701216394, "silhouette_samples": [0.517897707011241, 0.4187917168014662, 0.5588072599746359, 0.4677269787890662, 0.3936666344055613, 0.3559170356498222, 0.4503569116851681, 0.3337863759165763, 0.24617987648974957, 0.01471017339835269], "davies_bouldin_index": 1.3984654394550826}, "validation": {"maximum_symmetry_error": 0.0, "minimum_gamma_eigenvalue": 2.035298234555745, "maximum_gamma_eigenvalue": 8.566568542491545, "maximum_spd_shift": 0.0}}
