{"schema_version": "params-v2-modular", "dataset_id": "params_K1_homogeneous", "description": "Clustered parameter dataset c_i=(theta_i,Gamma_i). No function family is fixed here.", "source_description": "reproducible example pool generated inside the package", "n_functions": 10, "dimension": 5, "n_clusters": 1, "scenario": "homogeneous", "contraction_factor": 1.0, "prototype_indices": [4], "labels": [0, 0, 0, 0, 0, 0, 0, 0, 0, 0], "cluster_sizes": [10], "theta_list": [[-0.998649634341216, 0.12782383420630167, -0.13100895544029148, 0.21448908129350608, -0.28811154713926257], [-0.864423783374686, 0.24301210157022374, -0.22744994526885867, 0.33995781543801473, -0.33816562890421187], [-0.9305399157726971, 0.07029315060664733, 0.055922628520143514, 0.2743356316672065, -0.3743261349979617], [-1.054548420068776, 0.08537588636544183, -0.2231075617976342, 0.2834666218714, -0.3180081731652845], [-0.8634169091418749, 0.15016969391406376, -0.09346394301845337, 0.23369873007205547, -0.16011556847833708], [-0.8737243386692327, 0.2667170561123326, -0.08917132482075799, 0.42440588257794476, -0.09970668614301859], [-0.791405698193653, 0.054537966027251486, -0.3418176276726528, 0.3127933939569406, -0.11770378252296829], [-0.9317192689975535, 0.014551780130892422, -0.24622592592631207, 0.2820671141488533, -0.2820548628489542], [-1.0230346199437252, -0.01119621949551855, -0.041735051570027104, 0.2732938786793377, -0.23610160454650195], [-0.9297403983179876, 0.1815495114735896, -0.17635678293422602, 0.4768412335930845, -0.4206265787422412]], "gamma_list": [[[1.9839809042856595, 0.045144753177646914, -0.7750488540746303, 0.09754864184601672, 0.9673898920911537], [0.045144753177646914, 1.474698188777581, 0.3990035475378113, -0.5213011025463363, -0.6250598164097587], [-0.7750488540746303, 0.3990035475378113, 3.5179984117503738, -0.16671506928412516, -2.2440352926134444], [0.09754864184601672, -0.5213011025463363, -0.16671506928412516, 1.8228414220035543, 0.31798781991239244], [0.9673898920911537, -0.6250598164097587, -2.2440352926134444, 0.31798781991239244, 4.097381801532543]], [[2.0157414943390264, -0.0065505519049565, -0.8007123916082889, 0.18249675666221837, 0.9060637618126129], [-0.0065505519049565, 1.4773813587169369, 0.3002725768097258, -0.39172432198750445, -0.47632817037887654], [-0.8007123916082889, 0.3002725768097258, 3.438046836316723, -0.12454022377780716, -2.2974375138961483], [0.18249675666221837, -0.39172432198750445, -0.12454022377780716, 1.8576171765912612, 0.23958131714899839], [0.9060637618126129, -0.47632817037887654, -2.2974375138961483, 0.23958131714899839, 3.8429300368875032]], [[2.0082980192743416, 0.06904263169891779, -0.7990649588827509, 0.21944853912860107, 1.032842577384848], [0.06904263169891779, 1.4802237170375112, 0.3017959129637961, -0.3311420581072008, -0.3215816150622374], [-0.7990649588827509, 0.3017959129637961, 3.328152426091221, -0.14374562031677554, -2.0893621980046464], [0.21944853912860107, -0.3311420581072008, -0.14374562031677554, 1.7558904229941723, 0.2904459019234192], [1.032842577384848, -0.3215816150622374, -2.0893621980046464, 0.2904459019234192, 3.8400034948904853]], [[2.189881881486646, 0.0421401773082206, -0.7651820185059721, 0.21960705965991692, 1.0067725696695784], [0.0421401773082206, 1.424615753196346, 0.345764628522151, -0.31834530135545547, -0.5815347981728026], [-0.7651820185059721, 0.345764628522151, 3.507405346298489, -0.05192525191369943, -2.263035135392087], [0.21960705965991692, -0.31834530135545547, -0.05192525191369943, 1.7374855060351184, 0.29997381667733364], [1.0067725696695784, -0.5815347981728026, -2.263035135392087, 0.29997381667733364, 3.9621109126375464]], [[1.9208694343728363, 0.0065736410303407974, -0.8293903924760444, 0.24427106817507538, 1.0672430639611037], [0.0065736410303407974, 1.5269914541847784, 0.31128442266985584, -0.42136600033380345, -0.5140387552444335], [-0.8293903924760444, 0.31128442266985584, 3.153638574541607, -0.16741767668566393, -2.4011396409899857], [0.24427106817507538, -0.42136600033380345, -0.16741767668566393, 1.7959294836005082, 0.3056679615133329], [1.0672430639611037, -0.5140387552444335, -2.4011396409899857, 0.3056679615133329, 4.057415489947971]], [[2.282409495811856, 0.04029237609668969, -0.7826625726443376, 0.28030242695640745, 1.0018906790330215], [0.04029237609668969, 1.4154830280765394, 0.42191994811474276, -0.4160989336681774, -0.5878436812691948], [-0.7826625726443376, 0.42191994811474276, 3.4408346459612424, -0.14221916302737508, -2.302292629317732], [0.28030242695640745, -0.4160989336681774, -0.14221916302737508, 1.876453864509546, 0.27064443124705745], [1.0018906790330215, -0.5878436812691948, -2.302292629317732, 0.27064443124705745, 3.760693710141049]], [[1.894671155738157, 0.029745666836150035, -0.8782760993557396, 0.17562909269627544, 0.9592423340702372], [0.029745666836150035, 1.331136959944947, 0.3237888354458817, -0.4125809028564422, -0.4883297922375073], [-0.8782760993557396, 0.3237888354458817, 3.3142154174972163, -0.17315972933301355, -2.3396213934691206], [0.17562909269627544, -0.4125809028564422, -0.17315972933301355, 1.8341546231627117, 0.32987837503163053], [0.9592423340702372, -0.4883297922375073, -2.3396213934691206, 0.32987837503163053, 3.844100095695427]], [[2.055456377619235, 0.14325079186130757, -0.841250695083382, 0.2023116360764509, 1.0121261558628079], [0.14325079186130757, 1.6365263205201224, 0.42846278984365815, -0.2939114907879097, -0.5008551428895285], [-0.841250695083382, 0.42846278984365815, 3.1748926673882902, -0.11899254051567146, -2.226391241033745], [0.2023116360764509, -0.2939114907879097, -0.11899254051567146, 1.6198722266989127, 0.26011373626698636], [1.0121261558628079, -0.5008551428895285, -2.226391241033745, 0.26011373626698636, 3.738344675018008]], [[2.0596840369140397, 0.18580493090369277, -0.804670444864201, 0.255566451846884, 1.1361886216069095], [0.18580493090369277, 1.635472003091916, 0.43070272534348025, -0.3390823465224253, -0.6169786744319999], [-0.804670444864201, 0.43070272534348025, 3.5608216781818904, -0.15168898191927183, -2.344635231233095], [0.255566451846884, -0.3390823465224253, -0.15168898191927183, 1.8814589199666099, 0.22057548969775162], [1.1361886216069095, -0.6169786744319999, -2.344635231233095, 0.22057548969775162, 3.9760127300586454]], [[1.8897826763675216, 0.020395093241311002, -0.7964572493401118, 0.16033900984243343, 1.0414667445047168], [0.020395093241311002, 1.6011215416159608, 0.3647073285430071, -0.467225608507724, -0.4610986780089806], [-0.7964572493401118, 0.3647073285430071, 3.2461485070535123, -0.008459697149898943, -2.260211224087243], [0.16033900984243343, -0.467225608507724, -0.008459697149898943, 1.9035254411557199, 0.20314197161402442], [1.0414667445047168, -0.4610986780089806, -2.260211224087243, 0.20314197161402442, 3.9066271961140453]]], "theta_prototypes": [[-0.9397014825540205, 0.1489487407398245, -0.1272151847716406, 0.2622005316804904, -0.2736166701925856]], "gamma_prototypes": [[[1.9603165299480563, 0.06281331515700753, -0.8186610185442299, 0.20243520667906834, 1.010837724532193], [0.06281331515700753, 1.4494742617749155, 0.35526623519893313, -0.3709731185165589, -0.49868451765087846], [-0.8186610185442299, 0.35526623519893313, 3.355456979795344, -0.1421212528961736, -2.314025547813953], [0.20243520667906834, -0.3709731185165589, -0.1421212528961736, 1.7612225426704726, 0.255758201976928], [1.010837724532193, -0.49868451765087846, -2.314025547813953, 0.255758201976928, 3.8756468890476796]]], "radius_upper": 0.25, "radius_lower": 0.0375, "sampling_attempts": [1, 1, 1, 1, 1, 1, 1, 1, 1, 1], "spd_shifts": [0.07253166263466347, 0.0, 0.0, 0.0, 0.0, 0.0, 0.08741302547605466, 0.0, 0.17274030220512093, 0.0], "distance_definition": {"representation": "c_i=(theta_i,Gamma_i)", "theta_distance": "Euclidean norm", "gamma_distance": "AIRM: ||log(Gamma_i^{-1/2} Gamma_j Gamma_i^{-1/2})||_F", "combined_distance": "w_theta*d_theta/s_theta + w_gamma*d_gamma/s_gamma", "weight_theta": 0.5, "weight_gamma": 0.5, "scales": {"s_theta": 2.708126613632756, "s_gamma": 2.3986236309604396}, "important_note": "The same distance and scales are used for all five datasets."}, "generation_config": {"n_functions": 10, "dimension": 5, "weight_theta": 0.5, "weight_gamma": 0.5, "theta_noise": 0.1, "gamma_noise": 0.1, "eig_floor": 1.0, "jitter": 1e-10, "separation_alpha": 0.5, "radius_lower_fraction": 0.15, "one_cluster_radius": 0.25, "contraction_grid": [0.95, 0.9, 0.85, 0.8, 0.75, 0.7, 0.65, 0.6, 0.55, 0.5, 0.45, 0.4, 0.35, 0.3, 0.25, 0.2, 0.15, 0.1, 0.08, 0.06, 0.04, 0.02], "overlap_mode": "full", "seed": 20260629, "max_attempts_per_sample": 20000}, "cluster_metrics": {"cluster_radii": [0.09715532287611253], "cluster_scatter": [0.08065560381779], "prototype_distances": {}, "pairwise_overlap_ratios": {}, "overlap_ratio": null, "full_pairwise_overlap": null, "overlap_graph_connected": null, "silhouette_score": null, "silhouette_samples": null, "davies_bouldin_index": null}, "validation": {"maximum_symmetry_error": 0.0, "minimum_gamma_eigenvalue": 1.0000000000999991, "maximum_gamma_eigenvalue": 6.664004852847578, "maximum_spd_shift": 0.17274030220512093}}
