{"schema_version": "params-v2-modular", "dataset_id": "params_K2_separated", "description": "Clustered parameter dataset c_i=(theta_i,Gamma_i). No function family is fixed here.", "source_description": "prototypes selected from Set1.mat", "n_functions": 10, "dimension": 5, "n_clusters": 2, "scenario": "separated", "contraction_factor": 1.0, "prototype_indices": [2, 7], "labels": [0, 0, 0, 0, 0, 1, 1, 1, 1, 1], "cluster_sizes": [5, 5], "theta_list": [[-0.15858222340952466, 0.02320129867677459, 1.2364117034889837, -0.27991859939894165, 0.5673814887582899], [-0.32220380745274035, -0.06776520567031914, 1.0204978056543481, -0.2732693187694831, 0.5830236039804554], [-0.3703450766501518, -0.29570798501585643, 1.087618755685858, -0.4787568377448697, 0.6815600347667441], [-0.34124208490508523, -0.32252817833746883, 0.9490758160318025, -0.3478164572696877, 0.5606800241732985], [-0.34312878089176446, -0.1447613771001368, 1.0054855746739872, -0.5304665626659432, 0.6667626511766062], [-0.26663978544023503, 0.07751273810640813, -0.6062288700946195, 0.5609405100909978, -0.884702437947137], [-0.39873768447431873, -0.06351831882956382, -0.6165639706678823, 0.5070296221821261, -0.6159689197826981], [-0.5216936035041191, 0.03998676271446677, -0.6524937260998113, 0.4567824339426765, -0.7228909268834849], [-0.2876957003651889, -0.1781004311881248, -0.5870819166268654, 0.5192205535264915, -0.6543496016838448], [-0.4135209536640075, -0.14877770872270069, -0.535393632690712, 0.42774366048456397, -0.67120919986263]], "gamma_list": [[[2.3056146944693747, -0.32353017898796027, -0.4735927754383929, 0.474302683924771, -0.5823507431540282], [-0.32353017898796027, 3.5306934080092782, 0.6128825931270109, 0.319736228538383, 0.8824958151729002], [-0.4735927754383929, 0.6128825931270109, 3.134552270164949, 0.6335298481909574, 0.09184455097345273], [0.474302683924771, 0.319736228538383, 0.6335298481909574, 1.8770926082147847, 0.46763746852869004], [-0.5823507431540282, 0.8824958151729002, 0.09184455097345273, 0.46763746852869004, 2.7292489060095457]], [[2.3500824999978187, -0.24255082746808754, -0.45342617104185823, 0.3490374369333947, -0.5328961520155394], [-0.24255082746808754, 3.530223388751434, 0.5463861066630599, 0.23029592707745747, 0.9488119205631924], [-0.45342617104185823, 0.5463861066630599, 2.90410311950796, 0.6408312983685146, 0.20129669797407704], [0.3490374369333947, 0.23029592707745747, 0.6408312983685146, 1.9326633368180568, 0.5226072184521264], [-0.5328961520155394, 0.9488119205631924, 0.20129669797407704, 0.5226072184521264, 2.5005681359451937]], [[2.422035679376642, -0.2432347595507855, -0.5495268714019624, 0.46141438201854157, -0.4549307222063431], [-0.2432347595507855, 3.576346172131141, 0.5581822313080076, 0.2297477028439921, 0.8665079985395392], [-0.5495268714019624, 0.5581822313080076, 2.9849325423607986, 0.7528614798922787, 0.03862623946831933], [0.46141438201854157, 0.2297477028439921, 0.7528614798922787, 1.9336055427182492, 0.4361874775979055], [-0.4549307222063431, 0.8665079985395392, 0.03862623946831933, 0.4361874775979055, 2.808617033852967]], [[2.291014414537124, -0.22084849870042525, -0.39078030079520976, 0.3407394951976306, -0.4777796311637125], [-0.22084849870042525, 3.6972662972277184, 0.5821994885860831, 0.3017324805729531, 0.9133447318833456], [-0.39078030079520976, 0.5821994885860831, 2.9203222375409967, 0.574356164001171, -0.10525503927077157], [0.3407394951976306, 0.3017324805729531, 0.574356164001171, 1.8842529548166371, 0.5909809512295373], [-0.4777796311637125, 0.9133447318833456, -0.10525503927077157, 0.5909809512295373, 2.6961415204996952]], [[2.253043647142248, -0.3412910375026833, -0.5238173356146169, 0.41926478638347525, -0.5498361297321498], [-0.3412910375026833, 3.481585399059392, 0.556838643987772, 0.2816645360481293, 0.7542250395945909], [-0.5238173356146169, 0.556838643987772, 2.943667472746201, 0.6607138079560673, 0.11395773986431798], [0.41926478638347525, 0.2816645360481293, 0.6607138079560673, 1.995643465073603, 0.5483956454748793], [-0.5498361297321498, 0.7542250395945909, 0.11395773986431798, 0.5483956454748793, 2.668670358221699]], [[2.2136593160605185, -0.29623533953815645, 0.48655437740841073, -0.32595939545315994, 0.5208854224518098], [-0.29623533953815645, 1.57449282313673, -0.1866715984115703, -0.07663101381369927, -0.5879974857814511], [0.48655437740841073, -0.1866715984115703, 3.292165540323704, -1.0493408067859316, -0.3991716074746079], [-0.32595939545315994, -0.07663101381369927, -1.0493408067859316, 1.6228882968915803, 0.49743636260336616], [0.5208854224518098, -0.5879974857814511, -0.3991716074746079, 0.49743636260336616, 2.44155192285123]], [[2.057468927766511, -0.3379887223862254, 0.46990453851217623, -0.2745672177504537, 0.394071585636345], [-0.3379887223862254, 1.30947275992717, -0.06671823630362486, -0.08898573580013835, -0.6268987285421315], [0.46990453851217623, -0.06671823630362486, 3.123798934991666, -0.899754610736319, -0.2740980509195456], [-0.2745672177504537, -0.08898573580013835, -0.899754610736319, 1.75151533222192, 0.507562386946657], [0.394071585636345, -0.6268987285421315, -0.2740980509195456, 0.507562386946657, 2.448035917017506]], [[2.1851881995487483, -0.15594631244350204, 0.5112257454532346, -0.35739616303150373, 0.4393472508448535], [-0.15594631244350204, 1.4062493065379427, -0.021184770263941388, -0.11147549361664481, -0.6193475368330432], [0.5112257454532346, -0.021184770263941388, 3.4296622867010824, -0.8407413304764745, -0.36758827560190516], [-0.35739616303150373, -0.11147549361664481, -0.8407413304764745, 1.7760971785730524, 0.5114128721961818], [0.4393472508448535, -0.6193475368330432, -0.36758827560190516, 0.5114128721961818, 2.2640629147863587]], [[1.9633878926010062, -0.32188564034657474, 0.5718037187146771, -0.14575885359332486, 0.28972344209201234], [-0.32188564034657474, 1.4536297567370549, -0.11139847699337387, -0.10922598156273002, -0.4971690389125367], [0.5718037187146771, -0.11139847699337387, 3.2514027607456066, -0.9178703409431226, -0.32504889514610474], [-0.14575885359332486, -0.10922598156273002, -0.9178703409431226, 1.6918871004012028, 0.4878615038951738], [0.28972344209201234, -0.4971690389125367, -0.32504889514610474, 0.4878615038951738, 2.2548864518591456]], [[2.0869152777889552, -0.22115148070061988, 0.6059640430395365, -0.266530778298105, 0.3713173908774384], [-0.22115148070061988, 1.4303379595014587, -0.014120792382048879, -0.024886096393354887, -0.5794754672032426], [0.6059640430395365, -0.014120792382048879, 3.2573203367049888, -0.9022135910079437, -0.471055317888865], [-0.266530778298105, -0.024886096393354887, -0.9022135910079437, 1.7809966828559758, 0.6923111815058919], [0.3713173908774384, -0.5794754672032426, -0.471055317888865, 0.6923111815058919, 2.4742119330450225]]], "theta_prototypes": [[-0.2533372105713799, -0.133900004046778, 1.0753654475332501, -0.4046440039299582, 0.6319825218065328], [-0.42280240540515346, -0.02674546496671125, -0.5117607698480242, 0.4782886599642271, -0.7424110553925363]], "gamma_prototypes": [[[2.25733269086792, -0.27961668795321715, -0.4123201561982506, 0.43519567521461167, -0.4424696485747548], [-0.27961668795321715, 3.4496533930105016, 0.5504458644456321, 0.2410537978573951, 0.8353287063564646], [-0.4123201561982506, 0.5504458644456321, 2.9231931145809957, 0.6497991705042332, 0.042463906619490684], [0.43519567521461167, 0.2410537978573951, 0.6497991705042332, 1.8888009618625454, 0.5189618305276053], [-0.4424696485747548, 0.8353287063564646, 0.042463906619490684, 0.5189618305276053, 2.611369960273062]], [[2.077075658177385, -0.2455089197488245, 0.5205871103120299, -0.2404668918778436, 0.41133985483779245], [-0.2455089197488245, 1.4169819093875775, -0.03893036991698584, -0.10577447688328499, -0.5907571020941759], [0.5205871103120299, -0.03893036991698584, 3.216928631371137, -0.9244708345523853, -0.3531624025967072], [-0.2404668918778436, -0.10577447688328499, -0.9244708345523853, 1.6805488674756845, 0.5677671351172957], [0.41133985483779245, -0.5907571020941759, -0.3531624025967072, 0.5677671351172957, 2.2198320632849873]]], "radius_upper": 0.3286864085790373, "radius_lower": 0.049302961286855594, "sampling_attempts": [1, 1, 1, 1, 1, 1, 1, 1, 1, 1], "spd_shifts": [0.12235047949497656, 0.0, 0.15275993144336608, 0.0, 0.12532706489437484, 0.09175547978832242, 0.044196423492898866, 0.09535777634721553, 0.0, 0.0965925485427984], "distance_definition": {"representation": "c_i=(theta_i,Gamma_i)", "theta_distance": "Euclidean norm", "gamma_distance": "AIRM: ||log(Gamma_i^{-1/2} Gamma_j Gamma_i^{-1/2})||_F", "combined_distance": "w_theta*d_theta/s_theta + w_gamma*d_gamma/s_gamma", "weight_theta": 0.5, "weight_gamma": 0.5, "scales": {"s_theta": 1.6521443683658181, "s_gamma": 1.5759457678282505}, "important_note": "The same distance and scales are used for all five datasets."}, "generation_config": {"n_functions": 10, "dimension": 5, "weight_theta": 0.5, "weight_gamma": 0.5, "theta_noise": 0.1, "gamma_noise": 0.1, "eig_floor": 1.0, "jitter": 1e-10, "separation_alpha": 0.5, "radius_lower_fraction": 0.15, "one_cluster_radius": 0.25, "contraction_grid": [0.95, 0.9, 0.85, 0.8, 0.75, 0.7, 0.65, 0.6, 0.55, 0.5, 0.45, 0.4, 0.35, 0.3, 0.25, 0.2, 0.15, 0.1, 0.08, 0.06, 0.04, 0.02], "overlap_mode": "full", "seed": 20260629, "max_attempts_per_sample": 20000}, "cluster_metrics": {"cluster_radii": [0.13097230209203914, 0.16488136379065144], "cluster_scatter": [0.11796169863575853, 0.13438656640229577], "prototype_distances": {"0-1": 1.3147456343161492}, "pairwise_overlap_ratios": {"0-1": 0.22502730426374504}, "overlap_ratio": 0.22502730426374504, "full_pairwise_overlap": false, "overlap_graph_connected": false, "silhouette_score": 0.8685458564376095, "silhouette_samples": [0.8581986725509249, 0.8742953897636353, 0.8789579472011508, 0.8673688291831798, 0.8856071427622515, 0.8457580058165584, 0.8807342903033692, 0.8611504600993656, 0.8620001080245157, 0.8713877186711444], "davies_bouldin_index": 0.19193694844958395}, "validation": {"maximum_symmetry_error": 0.0, "minimum_gamma_eigenvalue": 1.0000000000999991, "maximum_gamma_eigenvalue": 4.719336833804933, "maximum_spd_shift": 0.15275993144336608}}
