{"schema_version": "params-v2-modular", "dataset_id": "params_K2_separated", "description": "Clustered parameter dataset c_i=(theta_i,Gamma_i). No function family is fixed here.", "source_description": "reproducible example pool generated inside the package", "n_functions": 10, "dimension": 5, "n_clusters": 2, "scenario": "separated", "contraction_factor": 1.0, "prototype_indices": [2, 8], "labels": [0, 0, 0, 0, 0, 1, 1, 1, 1, 1], "cluster_sizes": [5, 5], "theta_list": [[-0.9638083252319131, -2.123187027315028, -1.260193826321266, 1.678472386169353, -0.009293862914926801], [-1.1274299092751288, -2.214153531662122, -1.4761077241559015, 1.6851216667988116, 0.006348252307238719], [-1.1464681867274735, -2.4689165043292713, -1.5475297137784472, 1.610574528298607, -0.015995327499918152], [-0.9024006924288499, -2.176030126965461, -1.5157081825235947, 1.636398831765107, -0.08698421242128457], [-1.0344985914629337, -2.317061183901433, -1.5260432830968576, 1.5824879438562354, 0.18174930574315432], [0.9958920893536239, 0.8950934517530933, 2.5271183830340402, 1.5909767825705785, 2.138823130012291], [1.0876713289312379, 1.1418817214264472, 2.3872009801997995, 1.7733279373310171, 2.086783873398235], [0.8071210662454273, 1.0969534983155376, 2.5874079603852618, 1.5029359065849386, 2.1657119587709524], [0.78242573421324, 1.3288112052553236, 2.6418795498570304, 1.5867006830775439, 2.1489799848106905], [0.8533572683751705, 0.8803216978853412, 2.500388436588179, 1.60160979148911, 2.0956861011158043]], "gamma_list": [[[6.438184245555264, -1.0208832011642952, 0.35267016303534804, -3.0013050842663973, -1.8919041785623014], [-1.0208832011642952, 6.129742661742051, -2.438717833682328, 1.3445678149221776, 1.3681900300966428], [0.35267016303534804, -2.438717833682328, 5.97976516662166, -3.4451259779602923, -0.522513955424392], [-3.0013050842663973, 1.3445678149221776, -3.4451259779602923, 5.442659591478751, 1.2823865673699841], [-1.8919041785623014, 1.3681900300966428, -0.522513955424392, 1.2823865673699841, 1.9185934102892268]], [[6.782762344816964, -0.9399038496444225, 0.3728367674318827, -3.1265703312577737, -1.8424495874238125], [-0.9399038496444225, 6.429382936217463, -2.505214320146279, 1.255127513461252, 1.434506135486935], [0.3728367674318827, -2.505214320146279, 6.049426309697928, -3.437824527782735, -0.4130618084237677], [-3.1265703312577737, 1.255127513461252, -3.437824527782735, 5.798340613815281, 1.3373563172934206], [-1.8424495874238125, 1.434506135486935, -0.4130618084237677, 1.3373563172934206, 1.9900229339581326]], [[6.5459344451179895, -0.9182015208767602, 0.4354826376785312, -3.1348682729935375, -1.7873330665719858], [-0.9182015208767602, 6.4186660304554675, -2.469400938223256, 1.3265640669567478, 1.3990389468070883], [0.4354826376785312, -2.469400938223256, 5.887885613492685, -3.5042996621500784, -0.7196135456686164], [-3.1348682729935375, 1.3265640669567478, -3.5042996621500784, 5.57217041757558, 1.4057300500708314], [-1.7873330665719858, 1.3990389468070883, -0.7196135456686164, 1.4057300500708314, 2.007836504274353]], [[6.58128428257116, -1.027696129918884, 0.37991004937187123, -3.125904596551873, -1.6424775163690106], [-1.027696129918884, 6.261011943226644, -2.6488957908582913, 1.2950288473107754, 1.323782537592932], [0.37991004937187123, -2.6488957908582913, 5.898441302724492, -3.5537266278805624, -0.6179038046562548], [-3.125904596551873, 1.2950288473107754, -3.5537266278805624, 5.4515057572766255, 1.2633801568549698], [-1.6424775163690106, 1.323782537592932, -0.6179038046562548, 1.2633801568549698, 2.0772327068532026]], [[6.448449567545012, -1.069449512766953, 0.3632602104756367, -3.074512418849167, -1.7692913531844754], [-1.069449512766953, 6.019347553284945, -2.5289424287503457, 1.2826741253243363, 1.2848812948322514], [0.3632602104756367, -2.5289424287503457, 5.753430370660314, -3.40414043183095, -0.49283024810119247], [-3.074512418849167, 1.2826741253243363, -3.40414043183095, 5.603488465874825, 1.2735061811982606], [-1.7692913531844754, 1.2848812948322514, -0.49283024810119247, 1.2735061811982606, 2.1070723742873394]], [[1.657957666569515, -0.2174011166724139, 0.6046242478213345, 0.3464936388789233, 0.5637432989964033], [-0.2174011166724139, 3.306567568480467, -0.6135001426918768, -0.9138700906637998, -0.014704121223802186], [0.6046242478213345, -0.6135001426918768, 3.0781345320165188, 0.07779610359510342, -0.3722919028319377], [0.3464936388789233, -0.9138700906637998, 0.07779610359510342, 3.8139393208141628, 0.8865228446540553], [0.5637432989964033, -0.014704121223802186, -0.3722919028319377, 0.8865228446540553, 4.9178573883043315]], [[2.0442330343867603, -0.1446751403611917, 0.4948442591098573, 0.3325501347939334, 0.8624477773735846], [-0.1446751403611917, 3.3077182676710946, -0.6198930294786544, -0.9080984077135864, -0.08779786096014724], [0.4948442591098573, -0.6198930294786544, 3.0056720512825983, 0.19902954183985286, -0.3864991299148831], [0.3325501347939334, -0.9080984077135864, 0.19902954183985286, 3.7749916871266396, 0.9209324504549865], [0.8624477773735846, -0.08779786096014724, -0.3864991299148831, 0.9209324504549865, 4.789360327720555]], [[1.559345191874896, -0.13143399221613056, 0.5615516117861793, 0.3220916176647446, 0.7217411359704977], [-0.13143399221613056, 3.1655120692941265, -0.5079649429211451, -0.9258839054153168, -0.1726159164525553], [0.5615516117861793, -0.5079649429211451, 3.137955211193733, 0.06899951179139699, -0.3919416466506743], [0.3220916176647446, -0.9258839054153168, 0.06899951179139699, 3.801778969231828, 0.8554725446627423], [0.7217411359704977, -0.1726159164525553, -0.3919416466506743, 0.8554725446627423, 4.79659231694909]], [[1.9231375350495528, -0.1319703653785811, 0.5869131407204908, 0.24892630176836955, 0.6895589448611414], [-0.1319703653785811, 3.274687075198923, -0.5146001932823875, -0.9025250514679016, 0.010642916093052207], [0.5869131407204908, -0.5146001932823875, 3.263519377971323, 0.12580756052291547, -0.4700004651488019], [0.24892630176836955, -0.9025250514679016, 0.12580756052291547, 3.8233159322894217, 0.8985047614760547], [0.6895589448611414, 0.010642916093052207, -0.4700004651488019, 0.8985047614760547, 4.974167421984368]], [[1.8416012827993664, -0.14098874452293375, 0.49315388392895676, 0.2240262934643775, 0.555672606968909], [-0.14098874452293375, 3.2937985137775954, -0.5482520320245606, -0.9862159734610346, -0.09932287879957609], [0.49315388392895676, -0.5482520320245606, 2.934462717945391, 0.15942014460709392, -0.34076151116428766], [0.2240262934643775, -0.9862159734610346, 0.15942014460709392, 3.731020600904581, 0.9172965358782098], [0.555672606968909, -0.09932287879957609, -0.34076151116428766, 0.9172965358782098, 4.784314957734533]]], "theta_prototypes": [[-1.0585633123937683, -2.2802883300385806, -1.4212400822769995, 1.5537469816383365, 0.05530717013331615], [0.8607853843136594, 1.0464484179745068, 2.6024395298128815, 1.550044889008314, 2.0507616763036]], "gamma_prototypes": [[[6.512252721448785, -0.9769697101295521, 0.41394278227549036, -3.0404120929765566, -1.752023083983028], [-0.9769697101295521, 6.171053126238251, -2.501154562363707, 1.2658853842411897, 1.3210229212802072], [0.41394278227549036, -2.501154562363707, 5.8907564905326835, -3.4288566556470164, -0.5718945997783541], [-3.0404120929765566, 1.2658853842411897, -3.4288566556470164, 5.576718424621489, 1.3337109293688993], [-1.752023083983028, 1.3210229212802072, -0.5718945997783541, 1.3337109293688993, 1.9230649440477197]], [[1.7716454321458937, -0.1410243960746637, 0.5534076394186873, 0.2517856005944046, 0.6853597117421835], [-0.1410243960746637, 3.2699197211309894, -0.5410320356154887, -0.9104185859843548, -0.10829218440544132], [0.5534076394186873, -0.5410320356154887, 3.043660402642049, 0.07119560998584074, -0.4004054102825402], [0.2517856005944046, -0.9104185859843548, 0.07119560998584074, 3.8026010878886445, 0.9664284758761772], [0.6853597117421835, -0.10829218440544132, -0.4004054102825402, 0.9664284758761772, 4.882802999730173]]], "radius_upper": 0.41383807282025786, "radius_lower": 0.06207571092303868, "sampling_attempts": [1, 1, 2, 2, 1, 2, 2, 1, 1, 1], "spd_shifts": [0.0, 0.1777598142382808, 0.0, 0.02420338302756319, 0.0, 0.0, 0.0, 0.0, 0.0, 0.0], "distance_definition": {"representation": "c_i=(theta_i,Gamma_i)", "theta_distance": "Euclidean norm", "gamma_distance": "AIRM: ||log(Gamma_i^{-1/2} Gamma_j Gamma_i^{-1/2})||_F", "combined_distance": "w_theta*d_theta/s_theta + w_gamma*d_gamma/s_gamma", "weight_theta": 0.5, "weight_gamma": 0.5, "scales": {"s_theta": 2.708126613632756, "s_gamma": 2.3986236309604396}, "important_note": "The same distance and scales are used for all five datasets."}, "generation_config": {"n_functions": 10, "dimension": 5, "weight_theta": 0.5, "weight_gamma": 0.5, "theta_noise": 0.1, "gamma_noise": 0.1, "eig_floor": 1.0, "jitter": 1e-10, "separation_alpha": 0.5, "radius_lower_fraction": 0.15, "one_cluster_radius": 0.25, "contraction_grid": [0.95, 0.9, 0.85, 0.8, 0.75, 0.7, 0.65, 0.6, 0.55, 0.5, 0.45, 0.4, 0.35, 0.3, 0.25, 0.2, 0.15, 0.1, 0.08, 0.06, 0.04, 0.02], "overlap_mode": "full", "seed": 20260629, "max_attempts_per_sample": 20000}, "cluster_metrics": {"cluster_radii": [0.10667584385638085, 0.11152166747484168], "cluster_scatter": [0.08083376933401673, 0.08016899870380671], "prototype_distances": {"0-1": 1.6553522912810315}, "pairwise_overlap_ratios": {"0-1": 0.13181333815194438}, "overlap_ratio": 0.13181333815194438, "full_pairwise_overlap": false, "overlap_graph_connected": false, "silhouette_score": 0.9314886981687455, "silhouette_samples": [0.9267790645537943, 0.9345936595773013, 0.9337870359552424, 0.9286143978844353, 0.9351291655783868, 0.9361405835501325, 0.9226850095409832, 0.9325595407756183, 0.9281847395112466, 0.9364137847603143], "davies_bouldin_index": 0.09726193565312181}, "validation": {"maximum_symmetry_error": 0.0, "minimum_gamma_eigenvalue": 1.0000000000999996, "maximum_gamma_eigenvalue": 12.770396151041139, "maximum_spd_shift": 0.1777598142382808}}
