{"schema_version": "params-v2-modular", "dataset_id": "params_K2_overlapping", "description": "Clustered parameter dataset c_i=(theta_i,Gamma_i). No function family is fixed here.", "source_description": "reproducible example pool generated inside the package", "n_functions": 10, "dimension": 5, "n_clusters": 2, "scenario": "overlapping", "contraction_factor": 0.08, "prototype_indices": [2, 8], "labels": [0, 0, 0, 0, 0, 1, 1, 1, 1, 1], "cluster_sizes": [5, 5], "theta_list": [[-0.11840395540862886, -0.7842071622246964, 0.4948571793306312, 1.5441313133176071, 0.8823770410227294], [-0.24145609127996717, -0.6791009157482, 0.3507086677944621, 1.765308933229536, 1.0084443585100094], [-0.2977964383764531, -0.7591036321325111, 0.40540537830308737, 1.5457296390186814, 0.9888631113485798], [-0.2100132590496283, -0.9514265012006132, 0.3254380681146234, 1.5490642211893357, 1.0229873514141157], [-0.14189399657636872, -0.8187068535382138, 0.485520535981137, 1.5480586329150432, 1.0466082818818583], [0.029826024693204833, -0.4413766753643988, 0.689205671200221, 1.5680075994419158, 1.1939892935356524], [-0.049826969295149126, -0.5801569249841472, 0.7769505982037086, 1.480375909530242, 1.0499375033911005], [-0.053841550495413025, -0.5692737112762347, 0.6443233219791081, 1.7356256263781458, 0.9558651462903363], [0.05727163710374811, -0.6914864128984387, 0.6766009045079706, 1.689646205745245, 1.0437847982647732], [-0.08945544528387894, -0.5325543162914029, 0.8263289293576485, 1.4208257820302843, 1.131638959183598]], "gamma_list": [[[4.375546070868265, -0.4930461255709634, 0.5288622478850977, -1.5600658541415764, -0.6139873268791405], [-0.4930461255709634, 4.774415550257458, -1.617004952463353, 0.2771672524898084, 0.7330081991153359], [0.5288622478850977, -1.617004952463353, 4.436550673092193, -1.7557516334204462, -0.5365719895613841], [-1.5600658541415764, 0.2771672524898084, -1.7557516334204462, 4.825890343103805, 1.245373184212351], [-0.6139873268791405, 0.7330081991153359, -0.5365719895613841, 1.245373184212351, 3.2527747773609765]], [[4.304369624231322, -0.5471957273851176, 0.49172592175770236, -1.389504000551097, -0.6825184333189784], [-0.5471957273851176, 5.0699520063661625, -1.5205271675881165, 0.3864150084487161, 0.6837753996988628], [0.49172592175770236, -1.5205271675881165, 4.55754605950519, -1.953920192154865, -0.4698175863971723], [-1.389504000551097, 0.3864150084487161, -1.953920192154865, 4.698556535476318, 1.1449688454994336], [-0.6825184333189784, 0.6837753996988628, -0.4698175863971723, 1.1449688454994336, 3.3120133104506926]], [[4.411821083572036, -0.5391553647225527, 0.5035824534613474, -1.4940898965608493, -0.7335946579809647], [-0.5391553647225527, 4.872607934413513, -1.617316339433201, 0.10103279287550967, 0.6937905623147134], [0.5035824534613474, -1.617316339433201, 4.65802205875871, -1.8038717019883563, -0.5782003570160739], [-1.4940898965608493, 0.10103279287550967, -1.8038717019883563, 4.748409449343492, 1.109257655956256], [-0.7335946579809647, 0.6937905623147134, -0.5782003570160739, 1.109257655956256, 3.3095192821792274]], [[4.323523062335453, -0.5582866582276778, 0.6286204400426488, -1.607223206180509, -0.6057427527635909], [-0.5582866582276778, 4.899942630824358, -1.5808577989124968, 0.3120259929760324, 0.6587307090881076], [0.6286204400426488, -1.5808577989124968, 4.496649678830212, -1.753468439435213, -0.5454238204910872], [-1.607223206180509, 0.3120259929760324, -1.753468439435213, 5.030220128944373, 1.0702768787415329], [-0.6057427527635909, 0.6587307090881076, -0.5454238204910872, 1.0702768787415329, 3.309048767302871]], [[4.220043110852403, -0.5515109028925527, 0.45272809194507274, -1.407056829356584, -0.6330776939143447], [-0.5515109028925527, 4.78649348269086, -1.6214642804128048, 0.13223140026976238, 0.6569486299008261], [0.45272809194507274, -1.6214642804128048, 4.641059643551166, -1.8870435046490424, -0.49561404051114916], [-1.407056829356584, 0.13223140026976238, -1.8870435046490424, 4.750298181671906, 1.0937706519265904], [-0.6330776939143447, 0.6569486299008261, -0.49561404051114916, 1.0937706519265904, 3.215442294981458]], [[3.9246371563327522, -0.4506942616647768, 0.5910090306001049, -1.2424575200267292, -0.4705666213524331], [-0.4506942616647768, 4.411848695353355, -1.4266171819934763, 0.07398806183982612, 0.5737722951829085], [0.5910090306001049, -1.4266171819934763, 4.19865437773887, -1.548036641101156, -0.5305574043583285], [-1.2424575200267292, 0.07398806183982612, -1.548036641101156, 4.6675098068007, 1.026345796092872], [-0.4705666213524331, 0.5737722951829085, -0.5305574043583285, 1.026345796092872, 3.597421867139322]], [[4.121994700055912, -0.5847536838210374, 0.4989010585363704, -1.2009399642074823, -0.32543863576698245], [-0.5847536838210374, 4.508380515191461, -1.4861217525867025, 0.06012285854772552, 0.5712751651787841], [0.4989010585363704, -1.4861217525867025, 4.2684181619438, -1.4999102590204443, -0.4050694848092699], [-1.2009399642074823, 0.06012285854772552, -1.4999102590204443, 4.643547319370518, 1.1698796609358397], [-0.32543863576698245, 0.5712751651787841, -0.4050694848092699, 1.1698796609358397, 3.4815082096373895]], [[3.99311687181737, -0.40716337576910344, 0.47032875137110214, -1.356894525084937, -0.5402981797177964], [-0.40716337576910344, 4.649223937932772, -1.4739905795362993, -0.015127595829266469, 0.5628746733564618], [0.47032875137110214, -1.4739905795362993, 4.259096613360428, -1.5394741436146155, -0.521020843291623], [-1.356894525084937, -0.015127595829266469, -1.5394741436146155, 4.628143274158315, 1.1489496023615202], [-0.5402981797177964, 0.5628746733564618, -0.521020843291623, 1.1489496023615202, 3.377501714751622]], [[3.8640490646088903, -0.4397187894649303, 0.4309866663737609, -1.194230836747183, -0.46720990709037447], [-0.4397187894649303, 4.7263908620292385, -1.4223652667752738, 0.1327036812789686, 0.5688169993371526], [0.4309866663737609, -1.4223652667752738, 4.290325899397096, -1.6378587622660827, -0.5208031071357202], [-1.194230836747183, 0.1327036812789686, -1.6378587622660827, 4.795154592468013, 1.1320286437451057], [-0.46720990709037447, 0.5688169993371526, -0.5208031071357202, 1.1320286437451057, 3.3930861776825423]], [[3.9614432176782044, -0.5334128071499533, 0.47881022082433167, -1.331710604061267, -0.43319322922265774], [-0.5334128071499533, 4.543593629695097, -1.4673820362411811, 0.06430831119082009, 0.49795869160834544], [0.47881022082433167, -1.4673820362411811, 4.243977164883435, -1.630196298812612, -0.4135904394541161], [-1.331710604061267, 0.06430831119082009, -1.630196298812612, 4.534748284968024, 1.1621197559939802], [-0.43319322922265774, 0.49795869160834544, -0.4135904394541161, 1.1621197559939802, 3.549789382189164]]], "theta_prototypes": [[-0.1756629119083516, -0.7499894259525604, 0.42965253928434577, 1.552044019028526, 0.9732162429716467], [-0.022115016171757373, -0.4838504861115134, 0.7515469082515362, 1.5517478516181245, 1.1328526034652695]], "gamma_prototypes": [[[4.3315733683694555, -0.5924348656643035, 0.478096616561361, -1.5260011539339144, -0.6308269979494308], [-0.5924348656643035, 4.836531759888911, -1.5994982000595266, 0.26478555793743924, 0.6635379726648089], [0.478096616561361, -1.5994982000595266, 4.581092290102992, -1.818832613455902, -0.4930095726102797], [-1.5260011539339144, 0.26478555793743924, -1.818832613455902, 4.76062444972438, 1.164761000762247], [-0.6308269979494308, 0.6635379726648089, -0.4930095726102797, 1.164761000762247, 3.2845444496616483]], [[3.952324785225224, -0.5255592405399123, 0.48925380513281674, -1.2626253384482373, -0.4358363742914138], [-0.5255592405399123, 4.604441087480329, -1.442688397919669, 0.09068124031939569, 0.5491927642099569], [0.48925380513281674, -1.442688397919669, 4.353324603071741, -1.5388284322052734, -0.47929043745061456], [-1.2626253384482373, 0.09068124031939569, -1.5388284322052734, 4.618695062785752, 1.1353784044828292], [-0.4358363742914138, 0.5491927642099569, -0.47929043745061456, 1.1353784044828292, 3.5213234941162446]]], "radius_upper": null, "radius_lower": 0.0, "sampling_attempts": [1, 1, 1, 1, 1, 1, 1, 1, 1, 1], "spd_shifts": [0.0, 0.0, 0.0, 0.0, 0.0, 0.0, 0.0, 0.0, 0.0, 0.0], "distance_definition": {"representation": "c_i=(theta_i,Gamma_i)", "theta_distance": "Euclidean norm", "gamma_distance": "AIRM: ||log(Gamma_i^{-1/2} Gamma_j Gamma_i^{-1/2})||_F", "combined_distance": "w_theta*d_theta/s_theta + w_gamma*d_gamma/s_gamma", "weight_theta": 0.5, "weight_gamma": 0.5, "scales": {"s_theta": 2.708126613632756, "s_gamma": 2.3986236309604396}, "important_note": "The same distance and scales are used for all five datasets."}, "generation_config": {"n_functions": 10, "dimension": 5, "weight_theta": 0.5, "weight_gamma": 0.5, "theta_noise": 0.1, "gamma_noise": 0.1, "eig_floor": 1.0, "jitter": 1e-10, "separation_alpha": 0.5, "radius_lower_fraction": 0.15, "one_cluster_radius": 0.25, "contraction_grid": [0.95, 0.9, 0.85, 0.8, 0.75, 0.7, 0.65, 0.6, 0.55, 0.5, 0.45, 0.4, 0.35, 0.3, 0.25, 0.2, 0.15, 0.1, 0.08, 0.06, 0.04, 0.02], "overlap_mode": "full", "seed": 20260629, "max_attempts_per_sample": 20000}, "cluster_metrics": {"cluster_radii": [0.07348198592121369, 0.0747209188287243], "cluster_scatter": [0.054016928087588914, 0.059628525818769464], "prototype_distances": {"0-1": 0.1261837842845503}, "pairwise_overlap_ratios": {"0-1": 1.1745003971012118}, "overlap_ratio": 1.1745003971012118, "full_pairwise_overlap": true, "overlap_graph_connected": true, "silhouette_score": 0.40138590445882255, "silhouette_samples": [0.35726051769746264, 0.3785529020616143, 0.5045595776979058, 0.45547406431170895, 0.4143373005203709, 0.45887385704591654, 0.4581294179469503, 0.2553304462152998, 0.2902569327392123, 0.4410840283517841], "davies_bouldin_index": 0.9006343766809419}, "validation": {"maximum_symmetry_error": 0.0, "minimum_gamma_eigenvalue": 1.8501257242259836, "maximum_gamma_eigenvalue": 8.435233282262189, "maximum_spd_shift": 0.0}}
